 1   0.935996 
 2   0.865598 
 3   0.782208 
 4   0.689113 
 5   0.598127 
 6   0.516353 
 7   0.444203 
 8   0.38138 
 9   0.327229 
 10   0.280583 
 11   0.240544 
 12   0.206191 
 13   0.176726 
 14   0.151473 
 15   0.12982 
 16   0.111265 
 17   0.09536 
 18   0.0817288 
 19   0.0700461 
 20   0.0600329 
 21   0.0514516 
 22   0.0440964 
 23   0.0377931 
 24   0.0323905 
 25   0.0277604 
 26   0.0237921 
 27   0.0203911 
 28   0.0174762 
 29   0.014978 
 30   0.0128369 
 31   0.0110019 
 32   0.00942921 
 33   0.00808131 
 34   0.00692611 
 35   0.00593603 
 36   0.00508749 
 37   0.00436024 
 38   0.00373695 
 39   0.00320276 
 40   0.00274493 
 41   0.00235255 
 42   0.00201625 
 43   0.00172803 
 44   0.00148101 
 45   0.00126931 
 46   0.00108786 
 47   0.000932353 
 48   0.000799074 
 49   0.000684848 
 50   0.00058695 
 51   0.000503047 
 52   0.000431137 
 53   0.000369507 
 54   0.000316686 
 55   0.000271417 
 56   0.000232618 
 57   0.000199366 
 58   0.000170867 
 59   0.000146442 
 60   0.000125508 
 61   0.000107567 
 62   9.21904e-05 
 63   7.90119e-05 
 64   6.77173e-05 
 65   5.80372e-05 
 66   4.97409e-05 
 67   4.26305e-05 
 68   3.65366e-05 
 69   3.13137e-05 
 70   2.68375e-05 
 71   2.30011e-05 
 72   1.97131e-05 
 73   1.68952e-05 
 74   1.448e-05 
 75   1.24101e-05 
 76   1.06361e-05 
 77   9.11572e-06 
 78   7.81264e-06 
 79   6.85284e-06 
 80   5.73868e-06 
 81   5.39541e-06 
 82   4.47016e-06 
 83   4.24999e-06 
 84   3.49457e-06 
 85   3.34929e-06 
 86   2.73355e-06 
 87   2.64065e-06 
 88   2.1395e-06 
 89   2.08283e-06 
 90   1.67548e-06 
 91   1.64351e-06 
 92   1.31279e-06 
 93   1.29736e-06 
 94   1.02915e-06 
 95   1.02449e-06 
 96   8.13651e-07 
 97   8.09305e-07 
 98   6.48241e-07 
 99   6.39533e-07 
 100   5.16312e-07 
 101   5.05539e-07 
 102   4.1113e-07 
 103   3.99743e-07 
 104   3.27301e-07 
 105   3.1618e-07 
 106   2.60513e-07 
 107   2.50156e-07 
 108   2.07317e-07 
 109   1.97973e-07 
 110   1.64958e-07 
 111   1.56715e-07 
 112   1.31236e-07 
 113   1.24086e-07 
 114   1.04395e-07 
 115   9.82738e-08 
 116   8.30352e-08 
 117   7.78485e-08 
 118   6.60397e-08 
 119   6.16817e-08 
 120   5.2519e-08 
 121   4.88824e-08 
 122   4.17638e-08 
 123   3.87465e-08 
 124   3.32095e-08 
 125   3.07182e-08 
 126   2.64061e-08 
 127   2.43577e-08 
 128   2.09958e-08 
 129   1.93177e-08 
 130   1.66937e-08 
 131   1.53231e-08 
 132   1.32728e-08 
 133   1.21564e-08 
 134   1.05526e-08 
 135   9.64576e-09 
 135   9.64576e-09 
