64.000000 160
65.000000 158
66.000000 156
67.000000 153
68.000000 151
69.000000 149
70.000000 147
71.000000 145
72.000000 143
73.000000 141
74.000000 139
75.000000 137
76.000000 135
77.000000 133
78.000000 132
79.000000 130
80.000000 128
81.000000 127
82.000000 125
83.000000 124
84.000000 122
85.000000 121
86.000000 119
87.000000 118
88.000000 117
89.000000 115
90.000000 114
91.000000 113
92.000000 112
93.000000 110
94.000000 109
95.000000 108
96.000000 107
97.000000 106
98.000000 105
99.000000 104
100.000000 103
101.000000 102
102.000000 101
103.000000 100
104.000000 99
105.000000 98
106.000000 97
107.000000 96
108.000000 95
109.000000 94
110.000000 93
111.000000 93
112.000000 92
113.000000 91
114.000000 90
115.000000 89
116.000000 89
117.000000 88
118.000000 87
119.000000 86
120.000000 86
121.000000 85
122.000000 84
123.000000 84
124.000000 83
125.000000 82
126.000000 82
127.000000 81
128.000000 81
129.000000 80
130.000000 79
131.000000 79
132.000000 78
133.000000 77
134.000000 77
135.000000 77
136.000000 75
137.000000 75
138.000000 75
139.000000 73
140.000000 73
141.000000 73
142.000000 71
143.000000 71
144.000000 73
145.000000 73
146.000000 72
147.000000 73
148.000000 73
149.000000 73
150.000000 74
151.000000 74
152.000000 74
153.000000 75
154.000000 75
155.000000 75
156.000000 75
157.000000 76
158.000000 76
159.000000 76
160.000000 77
161.000000 77
162.000000 77
163.000000 77
164.000000 78
165.000000 78
166.000000 78
167.000000 79
168.000000 79
169.000000 79
170.000000 79
171.000000 80
172.000000 80
173.000000 80
174.000000 80
175.000000 81
176.000000 81
177.000000 81
178.000000 81
179.000000 82
180.000000 82
181.000000 82
182.000000 82
183.000000 83
184.000000 83
185.000000 83
186.000000 83
187.000000 83
188.000000 84
189.000000 84
190.000000 84
191.000000 84
192.000000 85
193.000000 85
194.000000 85
195.000000 85
196.000000 85
197.000000 86
198.000000 86
199.000000 86
200.000000 86
201.000000 86
202.000000 87
203.000000 87
204.000000 87
205.000000 87
206.000000 87
207.000000 87
208.000000 88
209.000000 88
210.000000 88
211.000000 88
212.000000 88
213.000000 89
214.000000 89
215.000000 89
216.000000 89
217.000000 89
218.000000 89
219.000000 90
220.000000 90
221.000000 90
222.000000 90
223.000000 90
224.000000 90
225.000000 91
226.000000 91
227.000000 91
228.000000 91
229.000000 91
230.000000 92
231.000000 92
232.000000 92
233.000000 92
234.000000 92
235.000000 92
236.000000 92
237.000000 92
238.000000 92
239.000000 93
240.000000 93
241.000000 93
242.000000 94
243.000000 94
244.000000 94
245.000000 94
246.000000 94
247.000000 94
248.000000 94
249.000000 94
250.000000 94
251.000000 94
252.000000 94
253.000000 94
254.000000 95
255.000000 96
256.000000 96
257.000000 96
258.000000 96
259.000000 96
260.000000 96
261.000000 96
262.000000 96
263.000000 96
264.000000 96
265.000000 96
266.000000 96
267.000000 96
268.000000 96
269.000000 96
270.000000 98
271.000000 98
272.000000 98
273.000000 98
274.000000 98
275.000000 99
276.000000 99
277.000000 99
278.000000 100
279.000000 100
280.000000 100
281.000000 101
282.000000 101
283.000000 101
284.000000 102
285.000000 102
286.000000 103
287.000000 103
288.000000 103
289.000000 104
290.000000 104
291.000000 104
292.000000 105
293.000000 105
294.000000 105
295.000000 106
296.000000 106
297.000000 106
298.000000 107
299.000000 107
300.000000 108
301.000000 108
302.000000 108
303.000000 109
304.000000 109
305.000000 109
306.000000 110
307.000000 110
308.000000 110
309.000000 111
310.000000 111
311.000000 111
312.000000 112
313.000000 112
314.000000 113
315.000000 113
316.000000 113
317.000000 114
318.000000 114
319.000000 114
320.000000 115
321.000000 115
322.000000 115
323.000000 116
324.000000 116
325.000000 116
326.000000 117
327.000000 117
328.000000 118
329.000000 118
330.000000 118
331.000000 119
332.000000 119
333.000000 119
334.000000 120
335.000000 120
336.000000 120
337.000000 121
338.000000 121
339.000000 121
340.000000 122
341.000000 122
342.000000 123
343.000000 123
344.000000 123
345.000000 124
346.000000 124
347.000000 124
348.000000 125
349.000000 125
350.000000 125
351.000000 126
352.000000 126
353.000000 126
354.000000 127
355.000000 127
356.000000 128
357.000000 128
358.000000 128
359.000000 129
360.000000 129
361.000000 129
362.000000 130
363.000000 130
364.000000 130
365.000000 131
366.000000 131
367.000000 131
368.000000 132
369.000000 132
370.000000 133
371.000000 133
372.000000 133
373.000000 134
374.000000 134
375.000000 134
376.000000 135
377.000000 135
378.000000 135
379.000000 136
380.000000 136
381.000000 136
382.000000 137
383.000000 137
384.000000 138
385.000000 138
386.000000 138
387.000000 139
388.000000 139
389.000000 139
390.000000 140
391.000000 140
392.000000 140
393.000000 141
394.000000 141
395.000000 141
396.000000 142
397.000000 142
398.000000 143
399.000000 143
400.000000 143
401.000000 144
402.000000 144
403.000000 144
404.000000 145
405.000000 145
406.000000 145
407.000000 146
408.000000 146
409.000000 146
410.000000 147
411.000000 147
412.000000 148
413.000000 148
414.000000 148
415.000000 149
416.000000 149
417.000000 149
418.000000 150
419.000000 150
420.000000 150
421.000000 151
422.000000 151
423.000000 151
424.000000 152
425.000000 152
426.000000 153
427.000000 153
428.000000 153
429.000000 154
430.000000 154
431.000000 154
432.000000 155
433.000000 155
434.000000 155
435.000000 156
436.000000 156
437.000000 156
438.000000 157
439.000000 157
440.000000 158
441.000000 158
442.000000 158
443.000000 159
444.000000 159
445.000000 159
446.000000 160
447.000000 160
448.000000 160
449.000000 161
450.000000 161
451.000000 161
452.000000 162
453.000000 162
454.000000 163
455.000000 163
456.000000 163
457.000000 164
458.000000 164
459.000000 164
460.000000 165
461.000000 165
462.000000 165
463.000000 166
464.000000 166
465.000000 166
466.000000 167
467.000000 167
468.000000 168
469.000000 168
470.000000 168
471.000000 169
472.000000 169
473.000000 169
474.000000 170
475.000000 170
476.000000 170
477.000000 171
478.000000 171
479.000000 171
480.000000 172
481.000000 172
482.000000 173
483.000000 173
484.000000 173
485.000000 174
486.000000 174
487.000000 174
488.000000 175
489.000000 175
490.000000 175
491.000000 176
492.000000 176
493.000000 176
494.000000 177
495.000000 177
496.000000 178
497.000000 178
498.000000 178
499.000000 179
500.000000 179
501.000000 179
502.000000 180
503.000000 180
504.000000 180
505.000000 181
506.000000 181
507.000000 181
508.000000 182
509.000000 182
510.000000 183
511.000000 183
512.000000 183
513.000000 184
514.000000 184
515.000000 184
516.000000 185
517.000000 185
518.000000 185
519.000000 186
520.000000 186
521.000000 186
522.000000 187
523.000000 187
524.000000 188
525.000000 188
526.000000 188
527.000000 189
528.000000 189
529.000000 189
530.000000 190
531.000000 190
532.000000 190
533.000000 191
534.000000 191
535.000000 191
536.000000 192
537.000000 192
538.000000 193
539.000000 193
540.000000 193
541.000000 194
542.000000 194
543.000000 194
544.000000 195
545.000000 195
546.000000 195
547.000000 196
548.000000 196
549.000000 196
550.000000 197
551.000000 197
552.000000 197
553.000000 198
554.000000 198
555.000000 199
556.000000 199
557.000000 199
558.000000 200
559.000000 200
560.000000 200
561.000000 201
562.000000 201
563.000000 201
564.000000 202
565.000000 202
566.000000 202
567.000000 203
568.000000 203
569.000000 204
570.000000 204
571.000000 204
572.000000 205
573.000000 205
574.000000 205
575.000000 206
576.000000 206
577.000000 206
578.000000 207
579.000000 207
580.000000 207
581.000000 208
582.000000 208
583.000000 209
584.000000 209
585.000000 209
586.000000 210
587.000000 210
588.000000 210
589.000000 211
590.000000 211
591.000000 211
592.000000 212
593.000000 212
594.000000 212
595.000000 213
596.000000 213
597.000000 214
598.000000 214
599.000000 214
600.000000 215
601.000000 215
602.000000 215
603.000000 216
604.000000 216
605.000000 216
606.000000 217
607.000000 217
608.000000 217
609.000000 218
610.000000 218
611.000000 219
612.000000 219
613.000000 219
614.000000 220
615.000000 220
616.000000 220
617.000000 221
618.000000 221
619.000000 221
620.000000 222
621.000000 222
622.000000 222
623.000000 223
624.000000 223
625.000000 224
626.000000 224
627.000000 224
628.000000 225
629.000000 225
630.000000 225
631.000000 226
632.000000 226
633.000000 226
634.000000 227
635.000000 227
636.000000 227
637.000000 228
638.000000 228
639.000000 229
640.000000 229
641.000000 229
642.000000 230
643.000000 230
644.000000 230
645.000000 231
646.000000 231
647.000000 231
648.000000 232
649.000000 232
650.000000 232
651.000000 233
652.000000 233
653.000000 234
654.000000 234
655.000000 234
656.000000 235
657.000000 235
658.000000 235
659.000000 236
660.000000 236
661.000000 236
662.000000 237
663.000000 237
664.000000 237
665.000000 238
666.000000 238
667.000000 239
668.000000 239
669.000000 239
670.000000 240
671.000000 240
672.000000 240
673.000000 241
674.000000 241
675.000000 241
676.000000 242
677.000000 242
678.000000 242
679.000000 243
680.000000 243
681.000000 244
682.000000 244
683.000000 244
684.000000 245
685.000000 245
686.000000 245
687.000000 246
688.000000 246
689.000000 246
690.000000 247
691.000000 247
692.000000 247
693.000000 248
694.000000 248
695.000000 249
696.000000 249
697.000000 249
698.000000 250
699.000000 250
700.000000 250
701.000000 251
702.000000 251
703.000000 251
704.000000 252
705.000000 252
706.000000 252
707.000000 253
708.000000 253
709.000000 254
710.000000 254
711.000000 254
712.000000 255
713.000000 255
714.000000 255
715.000000 256
716.000000 256
717.000000 256
718.000000 257
719.000000 257
720.000000 257
721.000000 258
722.000000 258
723.000000 259
724.000000 259
725.000000 259
726.000000 260
727.000000 260
728.000000 260
729.000000 261
730.000000 261
731.000000 261
732.000000 262
733.000000 262
734.000000 262
735.000000 263
736.000000 263
737.000000 264
738.000000 264
739.000000 264
740.000000 265
741.000000 265
742.000000 265
743.000000 266
744.000000 266
745.000000 266
746.000000 267
747.000000 267
748.000000 267
749.000000 268
750.000000 268
751.000000 269
752.000000 269
753.000000 269
754.000000 270
755.000000 270
756.000000 270
757.000000 271
758.000000 271
759.000000 271
760.000000 272
761.000000 272
762.000000 272
763.000000 273
764.000000 273
765.000000 274
766.000000 274
767.000000 274
768.000000 275
769.000000 275
770.000000 275
771.000000 276
772.000000 276
773.000000 276
774.000000 277
775.000000 277
776.000000 277
777.000000 278
778.000000 278
779.000000 279
780.000000 279
781.000000 279
782.000000 280
783.000000 280
784.000000 280
785.000000 281
786.000000 281
787.000000 281
788.000000 282
789.000000 282
790.000000 282
791.000000 283
792.000000 283
793.000000 284
794.000000 284
795.000000 284
796.000000 285
797.000000 285
798.000000 285
799.000000 286
800.000000 286
801.000000 286
802.000000 287
803.000000 287
804.000000 287
805.000000 288
806.000000 288
807.000000 289
808.000000 289
809.000000 289
810.000000 290
811.000000 290
812.000000 290
813.000000 291
814.000000 291
815.000000 291
816.000000 292
817.000000 292
818.000000 292
819.000000 293
820.000000 293
821.000000 294
822.000000 294
823.000000 294
824.000000 295
825.000000 295
826.000000 295
827.000000 296
828.000000 296
829.000000 296
830.000000 297
831.000000 297
832.000000 297
833.000000 298
834.000000 298
835.000000 299
836.000000 299
837.000000 299
838.000000 300
839.000000 300
840.000000 300
841.000000 301
842.000000 301
843.000000 301
844.000000 302
845.000000 302
846.000000 302
847.000000 303
848.000000 303
849.000000 304
850.000000 304
851.000000 304
852.000000 305
853.000000 305
854.000000 305
855.000000 306
856.000000 306
857.000000 306
858.000000 307
859.000000 307
860.000000 307
861.000000 308
862.000000 308
863.000000 309
864.000000 309
865.000000 309
866.000000 310
867.000000 310
868.000000 310
869.000000 311
870.000000 311
871.000000 311
872.000000 312
873.000000 312
874.000000 312
875.000000 313
876.000000 313
877.000000 314
878.000000 314
879.000000 314
880.000000 315
881.000000 315
882.000000 315
883.000000 316
884.000000 316
885.000000 316
886.000000 317
887.000000 317
888.000000 317
889.000000 318
890.000000 318
891.000000 319
892.000000 319
893.000000 319
894.000000 320
895.000000 320
896.000000 320
897.000000 321
898.000000 321
899.000000 321
900.000000 322
901.000000 322
902.000000 322
903.000000 323
904.000000 323
905.000000 324
906.000000 324
907.000000 324
908.000000 325
909.000000 325
910.000000 325
911.000000 326
912.000000 326
913.000000 326
914.000000 327
915.000000 327
916.000000 327
917.000000 328
918.000000 328
919.000000 328
920.000000 329
921.000000 329
922.000000 330
923.000000 330
924.000000 330
925.000000 331
926.000000 331
927.000000 331
928.000000 332
929.000000 332
930.000000 332
931.000000 333
932.000000 333
933.000000 333
934.000000 334
935.000000 334
936.000000 335
937.000000 335
938.000000 335
939.000000 336
940.000000 336
941.000000 336
942.000000 337
943.000000 337
944.000000 337
945.000000 338
946.000000 338
947.000000 338
948.000000 339
949.000000 339
950.000000 340
951.000000 340
952.000000 340
953.000000 341
954.000000 341
955.000000 341
956.000000 342
957.000000 342
958.000000 342
959.000000 343
960.000000 343
961.000000 343
962.000000 344
963.000000 344
964.000000 345
965.000000 345
966.000000 345
967.000000 346
968.000000 346
969.000000 346
970.000000 347
971.000000 347
972.000000 347
973.000000 348
974.000000 348
975.000000 348
976.000000 349
977.000000 349
978.000000 350
979.000000 350
980.000000 350
981.000000 351
982.000000 351
983.000000 351
984.000000 352
985.000000 352
986.000000 352
987.000000 353
988.000000 353
989.000000 353
990.000000 354
991.000000 354
992.000000 355
993.000000 355
994.000000 355
995.000000 356
996.000000 356
997.000000 356
998.000000 357
999.000000 357
1000.000000 357
1001.000000 358
1002.000000 358
1003.000000 358
1004.000000 359
1005.000000 359
1006.000000 360
1007.000000 360
1008.000000 360
1009.000000 361
1010.000000 361
1011.000000 361
1012.000000 362
1013.000000 362
1014.000000 362
1015.000000 363
1016.000000 363
1017.000000 363
1018.000000 364
1019.000000 364
1020.000000 365
1021.000000 365
1022.000000 365
1023.000000 366
