64.000000 160
65.000000 158
66.000000 156
67.000000 153
68.000000 151
69.000000 149
70.000000 147
71.000000 145
72.000000 143
73.000000 141
74.000000 139
75.000000 137
76.000000 135
77.000000 133
78.000000 132
79.000000 130
80.000000 128
81.000000 127
82.000000 125
83.000000 124
84.000000 122
85.000000 121
86.000000 119
87.000000 118
88.000000 117
89.000000 115
90.000000 114
91.000000 113
92.000000 112
93.000000 110
94.000000 109
95.000000 108
96.000000 107
97.000000 106
98.000000 105
99.000000 104
100.000000 103
101.000000 102
102.000000 101
103.000000 100
104.000000 99
105.000000 98
106.000000 97
107.000000 96
108.000000 95
109.000000 94
110.000000 93
111.000000 93
112.000000 92
113.000000 91
114.000000 90
115.000000 89
116.000000 89
117.000000 88
118.000000 87
119.000000 86
120.000000 86
121.000000 85
122.000000 84
123.000000 84
124.000000 83
125.000000 82
126.000000 82
127.000000 81
128.000000 81
129.000000 80
130.000000 79
131.000000 79
132.000000 78
133.000000 77
134.000000 77
135.000000 77
136.000000 75
137.000000 75
138.000000 75
139.000000 73
140.000000 73
141.000000 73
142.000000 71
143.000000 71
144.000000 73
145.000000 73
146.000000 72
147.000000 73
148.000000 73
149.000000 73
150.000000 74
151.000000 74
152.000000 74
153.000000 75
154.000000 75
155.000000 75
156.000000 75
157.000000 76
158.000000 76
159.000000 76
160.000000 77
161.000000 77
162.000000 77
163.000000 77
164.000000 78
165.000000 78
166.000000 78
167.000000 79
168.000000 79
169.000000 79
170.000000 79
171.000000 80
172.000000 80
173.000000 80
174.000000 80
175.000000 81
176.000000 81
177.000000 81
178.000000 81
179.000000 82
180.000000 82
181.000000 82
182.000000 82
183.000000 83
184.000000 83
185.000000 83
186.000000 83
187.000000 83
188.000000 84
189.000000 84
190.000000 84
191.000000 84
192.000000 85
193.000000 85
194.000000 85
195.000000 85
196.000000 85
197.000000 86
198.000000 86
199.000000 86
200.000000 86
201.000000 86
202.000000 87
203.000000 87
204.000000 87
205.000000 87
206.000000 87
207.000000 87
208.000000 88
209.000000 88
210.000000 88
211.000000 88
212.000000 88
213.000000 89
214.000000 89
215.000000 89
216.000000 89
217.000000 89
218.000000 89
219.000000 90
220.000000 90
221.000000 90
222.000000 90
223.000000 90
224.000000 90
225.000000 91
226.000000 91
227.000000 91
228.000000 91
229.000000 91
230.000000 92
231.000000 92
232.000000 92
233.000000 92
234.000000 92
235.000000 92
236.000000 92
237.000000 92
238.000000 92
239.000000 93
240.000000 93
241.000000 93
242.000000 94
243.000000 94
244.000000 94
245.000000 94
246.000000 94
247.000000 94
248.000000 94
249.000000 94
250.000000 94
251.000000 94
252.000000 94
253.000000 94
254.000000 95
255.000000 96
256.000000 96
257.000000 96
258.000000 96
259.000000 96
260.000000 96
261.000000 96
262.000000 96
263.000000 96
264.000000 96
265.000000 96
266.000000 96
267.000000 96
268.000000 96
269.000000 96
270.000000 98
271.000000 98
272.000000 98
273.000000 98
274.000000 98
275.000000 99
276.000000 99
277.000000 99
278.000000 100
279.000000 100
280.000000 100
281.000000 101
282.000000 101
283.000000 101
284.000000 102
285.000000 102
286.000000 103
287.000000 103
288.000000 103
289.000000 104
290.000000 104
291.000000 104
292.000000 105
293.000000 105
294.000000 105
295.000000 106
296.000000 106
297.000000 106
298.000000 107
299.000000 107
300.000000 108
301.000000 108
302.000000 108
303.000000 109
304.000000 109
305.000000 109
306.000000 110
307.000000 110
308.000000 110
309.000000 111
310.000000 111
311.000000 111
312.000000 112
313.000000 112
314.000000 113
315.000000 113
316.000000 113
317.000000 114
318.000000 114
319.000000 114
320.000000 115
321.000000 115
322.000000 115
323.000000 116
324.000000 116
325.000000 116
326.000000 117
327.000000 117
328.000000 118
329.000000 118
330.000000 118
331.000000 119
332.000000 119
333.000000 119
334.000000 120
335.000000 120
336.000000 120
337.000000 121
338.000000 121
339.000000 121
340.000000 122
341.000000 122
342.000000 123
343.000000 123
344.000000 123
345.000000 124
346.000000 124
347.000000 124
348.000000 125
349.000000 125
350.000000 125
351.000000 126
352.000000 126
353.000000 126
354.000000 127
355.000000 127
356.000000 128
357.000000 128
358.000000 128
359.000000 129
360.000000 129
361.000000 129
362.000000 130
363.000000 130
364.000000 130
365.000000 131
366.000000 131
367.000000 131
368.000000 132
369.000000 132
370.000000 133
371.000000 133
372.000000 133
373.000000 134
374.000000 134
375.000000 134
376.000000 135
377.000000 135
378.000000 135
379.000000 136
380.000000 136
381.000000 136
382.000000 137
383.000000 137
384.000000 138
385.000000 138
386.000000 138
387.000000 139
388.000000 139
389.000000 139
390.000000 140
391.000000 140
392.000000 140
393.000000 141
394.000000 141
395.000000 141
396.000000 142
397.000000 142
398.000000 143
399.000000 143
400.000000 143
401.000000 144
402.000000 144
403.000000 144
404.000000 145
405.000000 145
406.000000 145
407.000000 146
408.000000 146
409.000000 146
410.000000 147
411.000000 147
412.000000 148
413.000000 148
414.000000 148
415.000000 149
416.000000 149
417.000000 149
418.000000 150
419.000000 150
420.000000 150
421.000000 151
422.000000 151
423.000000 151
424.000000 152
425.000000 152
426.000000 153
427.000000 153
428.000000 153
429.000000 154
430.000000 154
431.000000 154
432.000000 155
433.000000 155
434.000000 155
435.000000 156
436.000000 156
437.000000 156
438.000000 157
439.000000 157
440.000000 158
441.000000 158
442.000000 158
443.000000 159
444.000000 159
445.000000 159
446.000000 160
447.000000 160
448.000000 160
449.000000 161
450.000000 161
451.000000 161
452.000000 162
453.000000 162
454.000000 163
455.000000 163
456.000000 163
457.000000 164
458.000000 164
459.000000 164
460.000000 165
461.000000 165
462.000000 165
463.000000 166
464.000000 166
465.000000 166
466.000000 167
467.000000 167
468.000000 168
469.000000 168
470.000000 168
471.000000 169
472.000000 169
473.000000 169
474.000000 170
475.000000 170
476.000000 170
477.000000 171
478.000000 171
479.000000 171
480.000000 172
481.000000 172
482.000000 173
483.000000 173
484.000000 173
485.000000 174
486.000000 174
487.000000 174
488.000000 175
489.000000 175
490.000000 175
491.000000 176
492.000000 176
493.000000 176
494.000000 177
495.000000 177
496.000000 178
497.000000 178
498.000000 178
499.000000 179
500.000000 179
501.000000 179
502.000000 180
503.000000 180
504.000000 180
505.000000 181
506.000000 181
507.000000 181
508.000000 182
509.000000 182
510.000000 183
511.000000 183
