0.000000 0.000000 0
0.000000 0.142857 0
0.000000 0.285714 0
0.000000 0.428571 0
0.000000 0.571429 0
0.000000 0.714286 0
0.000000 0.857143 0
0.000000 1.000000 0

0.142857 0.000000 0
0.142857 0.142857 0.0149938
0.142857 0.285714 0.0249896
0.142857 0.428571 0.0299875
0.142857 0.571429 0.0299875
0.142857 0.714286 0.0249896
0.142857 0.857143 0.0149938
0.142857 1.000000 0

0.285714 0.000000 0
0.285714 0.142857 0.0249896
0.285714 0.285714 0.0416493
0.285714 0.428571 0.0499792
0.285714 0.571429 0.0499792
0.285714 0.714286 0.0416493
0.285714 0.857143 0.0249896
0.285714 1.000000 0

0.428571 0.000000 0
0.428571 0.142857 0.0299875
0.428571 0.285714 0.0499792
0.428571 0.428571 0.059975
0.428571 0.571429 0.059975
0.428571 0.714286 0.0499792
0.428571 0.857143 0.0299875
0.428571 1.000000 0

0.571429 0.000000 0
0.571429 0.142857 0.0299875
0.571429 0.285714 0.0499792
0.571429 0.428571 0.059975
0.571429 0.571429 0.059975
0.571429 0.714286 0.0499792
0.571429 0.857143 0.0299875
0.571429 1.000000 0

0.714286 0.000000 0
0.714286 0.142857 0.0249896
0.714286 0.285714 0.0416493
0.714286 0.428571 0.0499792
0.714286 0.571429 0.0499792
0.714286 0.714286 0.0416493
0.714286 0.857143 0.0249896
0.714286 1.000000 0

0.857143 0.000000 0
0.857143 0.142857 0.0149938
0.857143 0.285714 0.0249896
0.857143 0.428571 0.0299875
0.857143 0.571429 0.0299875
0.857143 0.714286 0.0249896
0.857143 0.857143 0.0149938
0.857143 1.000000 0

1.000000 0.000000 0
1.000000 0.142857 0
1.000000 0.285714 0
1.000000 0.428571 0
1.000000 0.571429 0
1.000000 0.714286 0
1.000000 0.857143 0
1.000000 1.000000 0

